1 0.939333 0.410000 0.028000 0.060000
1 0.876667 0.416000 0.036000 0.060000
1 0.804000 0.427000 0.037333 0.070000
1 0.691333 0.447000 0.041333 0.082000
1 0.580667 0.470000 0.028000 0.056000
1 0.620667 0.403000 0.025333 0.054000
1 0.562000 0.418000 0.028000 0.048000
1 0.510000 0.406000 0.036000 0.068000
1 0.472667 0.375000 0.025333 0.050000
1 0.423333 0.415000 0.036000 0.062000
1 0.340667 0.424000 0.036000 0.060000
1 0.383333 0.384000 0.028000 0.056000
1 0.267333 0.412000 0.036000 0.064000
1 0.178000 0.392000 0.036000 0.060000
1 0.228000 0.380000 0.026667 0.048000
1 0.128000 0.384000 0.029333 0.056000
1 0.305333 0.383000 0.024000 0.054000
1 0.936667 0.288000 0.030667 0.056000
1 0.872000 0.311000 0.021333 0.038000
1 0.817333 0.360000 0.032000 0.048000
1 0.788000 0.347000 0.024000 0.054000
1 0.750000 0.388000 0.030667 0.052000
1 0.722000 0.344000 0.022667 0.048000
1 0.814000 0.312000 0.020000 0.040000
1 0.682000 0.380000 0.028000 0.044000
1 0.646000 0.372000 0.017333 0.036000
1 0.510667 0.334000 0.024000 0.044000
1 0.543333 0.309000 0.020000 0.038000
1 0.262667 0.343000 0.026667 0.054000
1 0.088000 0.336000 0.029333 0.052000
1 0.055333 0.277000 0.028000 0.046000
1 0.114000 0.268000 0.020000 0.036000
1 0.211333 0.299000 0.020000 0.042000
1 0.206667 0.349000 0.024000 0.050000
1 0.438000 0.345000 0.025333 0.042000
1 0.327333 0.351000 0.020000 0.050000
1 0.756000 0.311000 0.021333 0.038000
1 0.148667 0.352000 0.020000 0.044000
1 0.152667 0.311000 0.020000 0.034000
1 0.500667 0.287000 0.020000 0.038000
1 0.489333 0.318000 0.018667 0.032000
