1 0.482000 0.487342 0.088000 0.202532
1 0.667000 0.675633 0.082000 0.142405
1 0.922000 0.555380 0.084000 0.148734
1 0.975000 0.406646 0.046000 0.085443
1 0.905000 0.406646 0.042000 0.072785
1 0.640000 0.487342 0.056000 0.107595
1 0.814000 0.340190 0.040000 0.072785
1 0.706000 0.390823 0.040000 0.072785
1 0.231000 0.550633 0.066000 0.107595
1 0.318000 0.412975 0.048000 0.098101
1 0.187000 0.395570 0.050000 0.094937
1 0.253000 0.378165 0.034000 0.066456
1 0.371000 0.349684 0.030000 0.079114
1 0.114000 0.311709 0.044000 0.072785
1 0.278000 0.311709 0.028000 0.072785
1 0.555000 0.352848 0.034000 0.060127
1 0.642000 0.319620 0.028000 0.063291
1 0.037000 0.333861 0.038000 0.066456
