1 0.767090 0.445312 0.049805 0.095052
1 0.736328 0.372396 0.049805 0.075521
1 0.684814 0.457357 0.050293 0.083984
1 0.653320 0.392904 0.037109 0.070964
1 0.604492 0.417969 0.043945 0.091146
1 0.553223 0.364258 0.045898 0.076172
1 0.511475 0.430013 0.044434 0.086589
1 0.460449 0.358724 0.037109 0.063802
1 0.439453 0.417969 0.043945 0.084635
1 0.394043 0.423177 0.038086 0.075521
1 0.376953 0.564453 0.050781 0.080729
1 0.347168 0.444987 0.045898 0.077474
1 0.358398 0.363607 0.044922 0.070964
1 0.302002 0.404297 0.034668 0.058594
1 0.269775 0.468424 0.047363 0.072266
1 0.268799 0.383138 0.035645 0.070964
1 0.194580 0.360677 0.042480 0.075521
1 0.143555 0.342773 0.044922 0.064453
