1 0.434028 0.587559 0.068287 0.091549
1 0.548466 0.492019 0.055845 0.085446
1 0.639178 0.455869 0.031250 0.074178
1 0.708767 0.390141 0.037905 0.056338
1 0.815828 0.345775 0.024016 0.054930
1 0.861979 0.339202 0.029514 0.047418
1 0.904803 0.321362 0.025463 0.040845
1 0.749711 0.290610 0.025463 0.035681
1 0.670284 0.277700 0.014178 0.032394
1 0.634259 0.275587 0.019676 0.033803
1 0.605613 0.300235 0.017361 0.029577
1 0.582176 0.261033 0.017361 0.028169
1 0.549045 0.278169 0.016493 0.024883
1 0.500000 0.210329 0.016204 0.031925
1 0.469473 0.259155 0.014178 0.027230
1 0.502315 0.292019 0.021412 0.025352
1 0.548032 0.374883 0.031250 0.046479
1 0.560764 0.315728 0.025463 0.032394
1 0.452546 0.292019 0.019676 0.036620
1 0.419416 0.263146 0.019387 0.038967
1 0.408131 0.320188 0.027488 0.042254
1 0.405961 0.213380 0.015625 0.035211
1 0.361111 0.184742 0.024306 0.035211
1 0.368490 0.281221 0.015336 0.033803
1 0.337384 0.341080 0.031250 0.047418
1 0.302517 0.233803 0.017072 0.033803
1 0.267361 0.234038 0.017361 0.037089
1 0.233796 0.240141 0.019676 0.038028
1 0.200666 0.298826 0.020544 0.043662
1 0.154659 0.240141 0.021701 0.038028
1 0.110677 0.305869 0.027488 0.043662
1 0.133247 0.389437 0.043692 0.069014
1 0.161748 0.353521 0.025463 0.034742
1 0.252315 0.393897 0.031250 0.046948
1 0.205295 0.462911 0.050058 0.067606
1 0.025608 0.335681 0.024595 0.044131
1 0.034867 0.250939 0.028646 0.042723
1 0.342737 0.428873 0.041956 0.052113
1 0.470920 0.401878 0.035590 0.044131
1 0.715712 0.315493 0.025174 0.032864
1 0.284144 0.299531 0.021991 0.029108
1 0.263600 0.337559 0.023148 0.030986
