1 0.698182 0.664649 0.043636 0.065375
1 0.027273 0.473366 0.036364 0.055690
1 0.076364 0.523002 0.029091 0.048426
1 0.350909 0.639225 0.047273 0.067797
1 0.921818 0.506053 0.032727 0.048426
1 0.846364 0.486683 0.038182 0.058111
1 0.765455 0.492736 0.032727 0.055690
1 0.689091 0.495157 0.029091 0.055690
1 0.610909 0.501211 0.029091 0.048426
1 0.541818 0.492736 0.025455 0.055690
1 0.481818 0.490315 0.029091 0.046005
1 0.429091 0.473366 0.032727 0.055690
1 0.360909 0.479419 0.034545 0.053269
1 0.310000 0.478208 0.030909 0.055690
1 0.260000 0.496368 0.029091 0.053269
1 0.212727 0.478208 0.036364 0.055690
1 0.141818 0.475787 0.029091 0.055690
1 0.102727 0.478208 0.027273 0.055690
1 0.970909 0.427361 0.029091 0.046005
1 0.910909 0.440678 0.032727 0.048426
1 0.856364 0.437046 0.025455 0.041162
1 0.471818 0.432203 0.020000 0.046005
1 0.527273 0.435835 0.025455 0.043584
1 0.598182 0.434625 0.021818 0.046005
1 0.649091 0.444310 0.025455 0.041162
1 0.270000 0.449153 0.023636 0.041162
