1 0.065585 0.566908 0.070222 0.095841
1 0.160815 0.534539 0.050679 0.088246
1 0.281716 0.510127 0.056641 0.073418
1 0.105167 0.352260 0.062604 0.083183
1 0.226234 0.347740 0.052335 0.061844
1 0.820802 0.453888 0.039748 0.048463
1 0.747102 0.456600 0.037430 0.040868
1 0.709175 0.341772 0.039748 0.047016
1 0.428784 0.543219 0.050017 0.052080
1 0.506790 0.502170 0.046373 0.052441
1 0.651375 0.351356 0.040079 0.043761
1 0.591918 0.327667 0.043723 0.040506
1 0.506956 0.342134 0.047367 0.050633
1 0.446837 0.366004 0.047698 0.052803
1 0.354919 0.336347 0.050679 0.054973
1 0.555813 0.374322 0.026499 0.045570
1 0.346804 0.395298 0.037098 0.044123
1 0.013415 0.359855 0.026168 0.088969
1 0.051673 0.324593 0.040411 0.069801
