1 0.278646 0.535185 0.076042 0.144444
1 0.192188 0.438889 0.057292 0.096296
1 0.140104 0.411111 0.042708 0.088889
1 0.339062 0.413889 0.046875 0.098148
1 0.281250 0.391667 0.041667 0.075926
1 0.231771 0.358333 0.034375 0.061111
1 0.191146 0.324074 0.030208 0.059259
1 0.106250 0.325926 0.031250 0.062963
1 0.461458 0.530556 0.070833 0.120370
1 0.636979 0.515741 0.044792 0.109259
1 0.294271 0.286111 0.026042 0.046296
1 0.348958 0.316667 0.025000 0.055556
1 0.308854 0.339815 0.032292 0.061111
1 0.380729 0.371296 0.034375 0.068519
1 0.406771 0.337963 0.023958 0.064815
1 0.431250 0.299074 0.025000 0.042593
1 0.483854 0.409259 0.042708 0.088889
1 0.483854 0.231481 0.028125 0.051852
1 0.773438 0.497222 0.055208 0.109259
1 0.585938 0.406481 0.040625 0.083333
1 0.552604 0.322222 0.026042 0.059259
1 0.578125 0.298148 0.022917 0.048148
1 0.616667 0.334259 0.027083 0.053704
1 0.651563 0.365741 0.032292 0.061111
1 0.921354 0.386111 0.036458 0.068519
1 0.850000 0.375000 0.039583 0.075926
1 0.708333 0.346296 0.029167 0.055556
1 0.732292 0.323148 0.018750 0.053704
1 0.757292 0.307407 0.020833 0.040741
1 0.780729 0.391667 0.040625 0.075926
1 0.900000 0.317593 0.025000 0.042593
1 0.978646 0.338889 0.021875 0.051852
1 0.793229 0.305556 0.021875 0.037037
