1 0.950000 0.664444 0.036667 0.053333
1 0.901667 0.673333 0.043333 0.062222
1 0.830000 0.647778 0.040000 0.064444
1 0.795000 0.714444 0.036667 0.060000
1 0.721667 0.703333 0.040000 0.064444
1 0.641667 0.683333 0.040000 0.060000
1 0.560000 0.656667 0.033333 0.055556
1 0.601667 0.533333 0.026667 0.044444
1 0.518333 0.633333 0.030000 0.053333
1 0.484167 0.672222 0.031667 0.051111
1 0.570833 0.537778 0.031667 0.048889
1 0.514167 0.435556 0.035000 0.053333
1 0.386667 0.756667 0.033333 0.046667
1 0.295833 0.718889 0.031667 0.055556
1 0.247500 0.722222 0.028333 0.044444
1 0.177500 0.694444 0.035000 0.046667
1 0.085833 0.698889 0.045000 0.046667
1 0.128333 0.541111 0.033333 0.051111
1 0.194167 0.537778 0.035000 0.044444
1 0.326667 0.606667 0.033333 0.053333
1 0.374167 0.570000 0.035000 0.042222
1 0.235833 0.486667 0.028333 0.044444
1 0.259167 0.528889 0.025000 0.040000
1 0.300833 0.538889 0.035000 0.046667
1 0.366667 0.515556 0.030000 0.044444
1 0.425000 0.558889 0.030000 0.046667
1 0.435000 0.515556 0.036667 0.048889
1 0.514167 0.534444 0.035000 0.051111
