1 0.103636 0.581311 0.065455 0.114078
1 0.117273 0.399272 0.056364 0.099515
1 0.216364 0.456311 0.050909 0.092233
1 0.268182 0.644417 0.067273 0.118932
1 0.516364 0.701456 0.061818 0.101942
1 0.653636 0.713592 0.060000 0.092233
1 0.780909 0.601942 0.067273 0.126214
1 0.942727 0.411408 0.063636 0.123786
1 0.782727 0.395631 0.078182 0.101942
1 0.630909 0.521845 0.054545 0.092233
1 0.512727 0.512136 0.058182 0.082524
1 0.412727 0.547330 0.054545 0.089806
1 0.336364 0.532767 0.058182 0.094660
1 0.367273 0.430825 0.058182 0.089806
