1 0.888889 0.449861 0.085185 0.225627
1 0.202778 0.622563 0.083333 0.114206
1 0.355556 0.502786 0.066667 0.114206
1 0.485185 0.426184 0.055556 0.094708
1 0.565741 0.352368 0.042593 0.080780
1 0.654630 0.300836 0.038889 0.061281
1 0.724074 0.254875 0.040741 0.058496
1 0.087037 0.427577 0.055556 0.080780
1 0.230556 0.357939 0.050000 0.086351
1 0.350000 0.299443 0.044444 0.069638
1 0.431481 0.277159 0.037037 0.069638
1 0.521296 0.231198 0.035185 0.061281
1 0.566667 0.208914 0.033333 0.055710
1 0.053704 0.330084 0.040741 0.069638
1 0.142593 0.293872 0.037037 0.064067
1 0.248148 0.257660 0.033333 0.058496
1 0.074074 0.239554 0.033333 0.061281
1 0.169444 0.208914 0.027778 0.050139
1 0.323148 0.217270 0.031481 0.055710
1 0.405556 0.201950 0.029630 0.052925
1 0.459259 0.186630 0.025926 0.050139
1 0.693519 0.169916 0.024074 0.044568
1 0.741667 0.135097 0.024074 0.041783
1 0.019444 0.200557 0.027778 0.050139
1 0.105556 0.181058 0.029630 0.050139
1 0.376852 0.144847 0.024074 0.044568
1 0.128704 0.142061 0.024074 0.044568
1 0.181481 0.158774 0.025926 0.050139
1 0.245370 0.137883 0.024074 0.047354
1 0.809259 0.190808 0.033333 0.052925
1 0.846296 0.178273 0.029630 0.044568
