1 0.284773 0.563521 0.094056 0.125408
1 0.406863 0.526144 0.064951 0.105392
1 0.087316 0.469363 0.065564 0.086601
1 0.136183 0.434028 0.045037 0.060866
1 0.245864 0.363358 0.034007 0.042892
1 0.327053 0.370507 0.026654 0.041667
1 0.730545 0.459150 0.048713 0.067810
1 0.434283 0.406046 0.032782 0.042484
1 0.496324 0.391544 0.024510 0.044526
1 0.576440 0.385008 0.026042 0.044526
1 0.557598 0.434436 0.031863 0.058415
1 0.830882 0.439542 0.046569 0.063725
1 0.886795 0.447917 0.032169 0.046160
1 0.632506 0.425858 0.029105 0.041258
