1 0.140000 0.348438 0.040000 0.096875
1 0.224545 0.331250 0.041818 0.081250
1 0.295455 0.353125 0.041818 0.100000
1 0.261818 0.312500 0.029091 0.081250
1 0.348182 0.315625 0.038182 0.081250
1 0.402727 0.301563 0.045455 0.103125
1 0.450909 0.259375 0.040000 0.093750
1 0.508182 0.310937 0.041818 0.084375
1 0.549091 0.262500 0.040000 0.093750
1 0.594545 0.287500 0.047273 0.106250
1 0.643636 0.260937 0.040000 0.090625
1 0.689091 0.281250 0.050909 0.106250
1 0.198182 0.625000 0.050909 0.112500
1 0.251818 0.557813 0.045455 0.109375
1 0.306364 0.598437 0.045455 0.103125
1 0.377273 0.568750 0.045455 0.106250
1 0.472727 0.610938 0.047273 0.115625
1 0.575455 0.679688 0.045455 0.115625
1 0.672727 0.582812 0.054545 0.109375
1 0.732727 0.237500 0.036364 0.068750
1 0.754545 0.310937 0.040000 0.090625
1 0.801818 0.339062 0.050909 0.121875
1 0.847273 0.293750 0.040000 0.100000
1 0.898182 0.306250 0.047273 0.112500
