0 0.268125 0.754444 0.098750 0.135556
0 0.497500 0.631111 0.062500 0.133333
0 0.657500 0.563333 0.040000 0.095556
0 0.083750 0.617778 0.070000 0.088889
0 0.179375 0.451111 0.048750 0.080000
0 0.239375 0.426667 0.036250 0.053333
0 0.315625 0.451111 0.043750 0.066667
0 0.296875 0.566667 0.056250 0.075556
0 0.418750 0.503333 0.047500 0.068889
0 0.113125 0.438889 0.041250 0.060000
0 0.701875 0.446667 0.031250 0.053333
0 0.539375 0.435556 0.031250 0.053333
0 0.473750 0.406667 0.027500 0.044444
0 0.401250 0.395556 0.025000 0.040000
0 0.371875 0.367778 0.021250 0.037778
0 0.436875 0.386667 0.021250 0.044444
0 0.287500 0.375556 0.025000 0.044444
0 0.120000 0.375556 0.027500 0.048889
0 0.573125 0.345556 0.018750 0.037778
0 0.623750 0.407778 0.027500 0.051111
0 0.658750 0.370000 0.017500 0.033333
0 0.553750 0.390000 0.017500 0.042222
0 0.777500 0.451111 0.025000 0.048889
0 0.922500 0.427778 0.020000 0.051111
0 0.985625 0.387778 0.021250 0.046667
0 0.740000 0.391111 0.020000 0.040000
0 0.046875 0.357778 0.033750 0.035556
1 0.055000 0.422222 0.040000 0.071111
