1 0.820139 0.780556 0.073611 0.109259
1 0.943056 0.737963 0.050000 0.079630
1 0.980556 0.685185 0.038889 0.070370
1 0.538194 0.733333 0.054167 0.062963
1 0.349306 0.688889 0.045833 0.074074
1 0.593056 0.671296 0.044444 0.072222
1 0.697917 0.642593 0.043056 0.070370
1 0.745833 0.614815 0.033333 0.051852
1 0.810417 0.599074 0.031944 0.053704
1 0.115278 0.643519 0.038889 0.050000
1 0.268056 0.615741 0.036111 0.053704
1 0.493056 0.666667 0.044444 0.059259
1 0.203472 0.647222 0.040278 0.057407
1 0.043056 0.610185 0.036111 0.050000
1 0.340278 0.615741 0.036111 0.046296
1 0.147917 0.593519 0.020833 0.035185
