1 0.242969 0.760417 0.151562 0.262500
1 0.055078 0.316667 0.086719 0.175000
1 0.934375 0.445833 0.090625 0.108333
1 0.676172 0.442188 0.078906 0.109375
1 0.825781 0.460417 0.079687 0.102083
1 0.972656 0.216667 0.053125 0.114583
1 0.669141 0.196354 0.066406 0.098958
1 0.574219 0.419271 0.068750 0.115625
1 0.431250 0.423958 0.075000 0.104167
1 0.463281 0.301042 0.057813 0.102083
1 0.550781 0.254167 0.060937 0.110417
1 0.371875 0.192188 0.071875 0.094792
1 0.172656 0.151042 0.068750 0.085417
1 0.361328 0.301042 0.053906 0.097917
1 0.280078 0.259896 0.032031 0.088542
1 0.240234 0.255208 0.052344 0.112500
