1 0.863861 0.658416 0.113861 0.128713
1 0.636139 0.539604 0.103960 0.118812
1 0.445545 0.433168 0.089109 0.103960
1 0.836634 0.450495 0.089109 0.089109
1 0.220297 0.433168 0.094059 0.103960
1 0.071782 0.356436 0.094059 0.108911
1 0.621287 0.366337 0.084158 0.108911
1 0.900990 0.252475 0.069307 0.069307
1 0.764851 0.297030 0.074257 0.079208
1 0.185644 0.299505 0.064356 0.094059
1 0.190594 0.168317 0.054455 0.079208
1 0.301980 0.148515 0.069307 0.079208
1 0.418317 0.316832 0.064356 0.069307
1 0.462871 0.146040 0.064356 0.084158
1 0.608911 0.133663 0.079208 0.089109
1 0.759901 0.143564 0.064356 0.089109
1 0.898515 0.158416 0.064356 0.069307
1 0.386139 0.262376 0.059406 0.069307
