1 0.952092 0.540568 0.087719 0.148073
1 0.789474 0.580122 0.051282 0.097363
1 0.762483 0.494929 0.053981 0.068966
1 0.656545 0.523327 0.044534 0.093306
1 0.539811 0.473631 0.053981 0.095335
1 0.595142 0.411765 0.051282 0.097363
1 0.454791 0.447262 0.040486 0.091278
1 0.356275 0.504057 0.040486 0.083164
1 0.312416 0.494929 0.036437 0.081136
1 0.847503 0.377282 0.056680 0.101420
1 0.717274 0.443205 0.041835 0.091278
1 0.512821 0.407708 0.040486 0.077079
1 0.412281 0.396552 0.039136 0.091278
1 0.346829 0.407708 0.035088 0.056795
1 0.641026 0.438134 0.035088 0.081136
1 0.746289 0.334686 0.043185 0.073022
1 0.634953 0.356998 0.022942 0.060852
1 0.566127 0.361055 0.028340 0.073022
1 0.446019 0.367140 0.028340 0.060852
1 0.469636 0.345842 0.018893 0.054767
1 0.307692 0.391481 0.035088 0.060852
1 0.228745 0.418864 0.044534 0.079108
1 0.147099 0.411765 0.045884 0.077079
1 0.123482 0.510142 0.044534 0.070994
1 0.086370 0.346856 0.035088 0.056795
1 0.122132 0.355984 0.031039 0.050710
1 0.215250 0.325558 0.028340 0.046653
1 0.243590 0.356998 0.028340 0.040568
1 0.274629 0.356998 0.025641 0.052738
1 0.173414 0.310345 0.022942 0.044625
1 0.929825 0.269777 0.032389 0.056795
1 0.512821 0.274848 0.018893 0.034483
1 0.238192 0.309331 0.017544 0.038540
1 0.174764 0.253550 0.020243 0.036511
1 0.694332 0.345842 0.022942 0.042596
1 0.039811 0.263692 0.028340 0.044625
1 0.323887 0.283976 0.021592 0.040568
1 0.215250 0.247465 0.020243 0.036511
1 0.380567 0.242394 0.018893 0.034483
1 0.420378 0.284990 0.022942 0.046653
1 0.792848 0.294118 0.020243 0.040568
1 0.688934 0.300203 0.017544 0.036511
1 0.656545 0.263692 0.014845 0.044625
1 0.695007 0.263692 0.018893 0.040568
1 0.914980 0.212982 0.018893 0.036511
1 0.514845 0.326572 0.017544 0.040568
1 0.529015 0.344828 0.016194 0.040568
1 0.334008 0.326572 0.022942 0.040568
1 0.263833 0.295132 0.017544 0.030426
1 0.483806 0.311359 0.020243 0.034483
1 0.489204 0.356998 0.017544 0.044625
1 0.545209 0.371197 0.016194 0.048682
1 0.307692 0.325558 0.016194 0.034483
1 0.380567 0.316430 0.018893 0.040568
1 0.361673 0.311359 0.013495 0.034483
1 0.112011 0.311359 0.016194 0.042596
