1 0.937903 0.578125 0.043548 0.174107
1 0.825806 0.620536 0.045161 0.196429
1 0.726613 0.622768 0.046774 0.156250
1 0.641935 0.587054 0.048387 0.183036
1 0.645161 0.915179 0.064516 0.169643
1 0.557258 0.598214 0.050000 0.196429
1 0.479032 0.611607 0.045161 0.178571
1 0.475806 0.879464 0.070968 0.241071
1 0.416129 0.636161 0.041935 0.174107
1 0.341935 0.636161 0.048387 0.156250
1 0.333871 0.875000 0.070968 0.250000
1 0.261290 0.575893 0.054839 0.178571
1 0.175000 0.571429 0.046774 0.187500
1 0.079032 0.497768 0.054839 0.209821
