1 0.278399 0.637306 0.124767 0.207254
1 0.889199 0.536269 0.109870 0.170984
1 0.650838 0.424870 0.083799 0.155440
1 0.100559 0.433938 0.108007 0.163212
1 0.030726 0.347150 0.050279 0.098446
1 0.337989 0.310881 0.046555 0.088083
1 0.259777 0.253886 0.042831 0.093264
1 0.465549 0.358808 0.059590 0.095855
1 0.534451 0.274611 0.059590 0.103627
1 0.807263 0.253886 0.050279 0.077720
1 0.888268 0.392487 0.085661 0.085492
1 0.048417 0.178756 0.040968 0.072539
1 0.081937 0.170984 0.029795 0.077720
1 0.108007 0.178756 0.022346 0.067358
1 0.140596 0.187824 0.039106 0.075130
1 0.193669 0.226684 0.048417 0.075130
1 0.226257 0.191710 0.031657 0.062176
1 0.286778 0.191710 0.029795 0.067358
1 0.436685 0.163212 0.031657 0.062176
1 0.437616 0.248705 0.055866 0.062176
1 0.548417 0.176166 0.035382 0.051813
1 0.662011 0.211140 0.042831 0.064767
1 0.963687 0.292746 0.057728 0.088083
1 0.973929 0.216321 0.040968 0.044041
