1 0.357492 0.320109 0.022394 0.048913
1 0.122252 0.400906 0.024226 0.045290
1 0.210301 0.448370 0.027687 0.055435
1 0.252036 0.454167 0.026466 0.048188
1 0.388335 0.688587 0.080415 0.122101
1 0.074308 0.473732 0.039088 0.064855
1 0.117366 0.508696 0.038477 0.063768
1 0.022191 0.422464 0.024023 0.052174
1 0.737480 0.592210 0.066572 0.111232
1 0.763844 0.438768 0.034202 0.072464
1 0.881209 0.444022 0.023005 0.043116
1 0.948901 0.407428 0.018322 0.048188
1 0.927423 0.350906 0.016490 0.032971
1 0.830212 0.426993 0.023208 0.035870
1 0.802117 0.380435 0.016694 0.031884
1 0.780639 0.387681 0.016897 0.029710
1 0.851181 0.359964 0.011808 0.028623
1 0.875611 0.370471 0.015065 0.029348
1 0.729133 0.404348 0.015676 0.028261
1 0.716918 0.375725 0.013233 0.023188
1 0.717427 0.345652 0.010993 0.022464
1 0.762520 0.312319 0.010790 0.022464
1 0.661747 0.372826 0.012419 0.026812
1 0.625407 0.373913 0.012622 0.025362
1 0.989414 0.459420 0.021173 0.073913
1 0.992976 0.397826 0.014047 0.040580
1 0.650448 0.471196 0.044788 0.086594
