1 0.930000 0.539730 0.042000 0.074963
1 0.868500 0.561469 0.035000 0.064468
1 0.786000 0.520240 0.034000 0.062969
1 0.748000 0.529985 0.032000 0.067466
1 0.706500 0.528486 0.033000 0.073463
1 0.674500 0.517991 0.029000 0.058471
1 0.676000 0.639430 0.036000 0.085457
1 0.636000 0.505247 0.034000 0.074963
1 0.603500 0.527736 0.029000 0.059970
1 0.565500 0.515742 0.031000 0.071964
1 0.567000 0.626687 0.042000 0.071964
1 0.488500 0.524738 0.033000 0.074963
1 0.524500 0.529985 0.029000 0.058471
1 0.443500 0.704648 0.029000 0.065967
1 0.451500 0.623688 0.035000 0.074963
1 0.442000 0.521739 0.026000 0.056972
1 0.412000 0.505247 0.032000 0.062969
1 0.341000 0.640930 0.040000 0.079460
1 0.338500 0.524738 0.033000 0.068966
1 0.303500 0.514243 0.033000 0.059970
1 0.262000 0.537481 0.034000 0.067466
1 0.237000 0.632684 0.038000 0.077961
1 0.228500 0.514243 0.035000 0.065967
1 0.163500 0.502999 0.037000 0.082459
1 0.074000 0.510495 0.040000 0.076462
