1 0.315239 0.441483 0.043628 0.067402
1 0.412338 0.412531 0.032468 0.054228
1 0.348316 0.427543 0.027394 0.053002
1 0.278511 0.356158 0.024148 0.049939
1 0.170455 0.250000 0.029221 0.044730
1 0.983360 0.427083 0.033279 0.090074
1 0.706778 0.445619 0.031656 0.048713
1 0.636871 0.355239 0.024148 0.043199
1 0.665280 0.348346 0.019278 0.049632
1 0.630175 0.451134 0.030235 0.046262
1 0.586140 0.440717 0.022119 0.042586
1 0.487216 0.478401 0.036932 0.047488
1 0.551745 0.311428 0.024351 0.043199
1 0.474026 0.369638 0.023133 0.044424
1 0.131899 0.344516 0.039773 0.060355
1 0.054383 0.375000 0.045455 0.069853
1 0.011364 0.343290 0.022321 0.053002
