1 0.951667 0.481156 0.036667 0.057789
1 0.899167 0.452261 0.038333 0.060302
1 0.865833 0.493719 0.035000 0.057789
1 0.821667 0.526382 0.026667 0.047739
1 0.814167 0.433417 0.031667 0.057789
1 0.850833 0.423367 0.035000 0.052764
1 0.750000 0.429648 0.030000 0.050251
1 0.765833 0.500000 0.031667 0.050251
1 0.728333 0.515075 0.030000 0.055276
1 0.698333 0.498744 0.030000 0.062814
1 0.657500 0.500000 0.035000 0.065327
1 0.616667 0.417085 0.023333 0.050251
1 0.590000 0.533920 0.036667 0.062814
1 0.581667 0.448492 0.026667 0.052764
1 0.695833 0.438442 0.021667 0.047739
1 0.549167 0.449749 0.021667 0.045226
1 0.513333 0.445980 0.026667 0.047739
1 0.486667 0.418342 0.026667 0.052764
1 0.454167 0.467337 0.021667 0.045226
1 0.410833 0.614322 0.041667 0.072864
1 0.341667 0.508794 0.030000 0.042714
1 0.290000 0.511307 0.033333 0.062814
1 0.211667 0.512563 0.030000 0.065327
1 0.169167 0.467337 0.031667 0.055276
1 0.114167 0.440955 0.038333 0.057789
1 0.145833 0.418342 0.028333 0.047739
1 0.205000 0.437186 0.023333 0.055276
1 0.237500 0.434673 0.025000 0.045226
1 0.279167 0.433417 0.031667 0.047739
1 0.308333 0.409548 0.026667 0.060302
1 0.383333 0.448492 0.030000 0.057789
1 0.440833 0.400754 0.031667 0.047739
