1 0.555208 0.579861 0.133333 0.181944
1 0.242188 0.639583 0.096875 0.140278
1 0.055729 0.468056 0.061458 0.102778
1 0.765625 0.498611 0.062500 0.097222
1 0.868750 0.536111 0.058333 0.094444
1 0.190625 0.475694 0.043750 0.068056
1 0.142187 0.450694 0.034375 0.056944
1 0.329167 0.549306 0.064583 0.120833
1 0.458333 0.444444 0.043750 0.061111
1 0.399479 0.442361 0.036458 0.054167
1 0.277083 0.447917 0.054167 0.062500
1 0.329167 0.425000 0.025000 0.041667
1 0.351042 0.413889 0.016667 0.038889
1 0.372396 0.428472 0.021875 0.043056
1 0.432812 0.421528 0.023958 0.048611
1 0.447396 0.344444 0.019792 0.036111
1 0.509375 0.438889 0.035417 0.061111
1 0.695312 0.491667 0.044792 0.069444
1 0.654167 0.445139 0.031250 0.048611
1 0.682292 0.425000 0.022917 0.041667
1 0.740104 0.437500 0.030208 0.044444
1 0.762500 0.416667 0.018750 0.036111
1 0.811979 0.427083 0.023958 0.051389
1 0.746354 0.356250 0.019792 0.037500
1 0.625000 0.401389 0.020833 0.038889
1 0.980729 0.447222 0.038542 0.063889
1 0.875521 0.443750 0.036458 0.054167
1 0.908333 0.437500 0.029167 0.055556
1 0.844271 0.429861 0.026042 0.043056
1 0.780729 0.409722 0.019792 0.036111
1 0.533333 0.405556 0.020833 0.036111
