1 0.912000 0.472973 0.034000 0.066066
1 0.820500 0.554805 0.035000 0.061562
1 0.791000 0.460961 0.032000 0.054054
1 0.708500 0.554805 0.035000 0.067568
1 0.690000 0.426426 0.030000 0.054054
1 0.605500 0.543544 0.029000 0.045045
1 0.600000 0.445946 0.028000 0.045045
1 0.524500 0.445946 0.027000 0.048048
1 0.505500 0.548048 0.037000 0.060060
1 0.455500 0.443694 0.027000 0.046547
1 0.385500 0.441441 0.029000 0.054054
1 0.330500 0.545796 0.037000 0.067568
1 0.295000 0.422673 0.032000 0.055556
1 0.277500 0.530030 0.033000 0.051051
1 0.190000 0.554054 0.040000 0.066066
1 0.116500 0.465465 0.035000 0.057057
1 0.174000 0.448949 0.036000 0.051051
