1 0.096667 0.173913 0.040000 0.079051
1 0.181667 0.168972 0.036667 0.077075
1 0.246667 0.185771 0.037778 0.083004
1 0.316667 0.169960 0.033333 0.086957
1 0.384444 0.214427 0.028889 0.073123
1 0.447222 0.216403 0.030000 0.073123
1 0.498889 0.218379 0.031111 0.069170
1 0.542222 0.234190 0.031111 0.073123
1 0.578889 0.233202 0.028889 0.071146
1 0.638333 0.211462 0.030000 0.075099
1 0.676111 0.224308 0.030000 0.065217
1 0.721111 0.228261 0.031111 0.061265
1 0.157778 0.297431 0.040000 0.065217
1 0.245556 0.283597 0.037778 0.073123
1 0.315556 0.313241 0.033333 0.069170
1 0.392222 0.319170 0.031111 0.077075
1 0.447222 0.328063 0.030000 0.079051
1 0.491111 0.302372 0.033333 0.075099
1 0.546667 0.308300 0.031111 0.071146
1 0.599444 0.337945 0.027778 0.071146
1 0.630556 0.332016 0.030000 0.063241
1 0.667778 0.343874 0.028889 0.067194
1 0.708333 0.344862 0.027778 0.069170
1 0.750556 0.337945 0.032222 0.075099
1 0.798889 0.218379 0.037778 0.065217
1 0.820556 0.330040 0.036667 0.086957
1 0.768333 0.458498 0.045556 0.102767
1 0.657778 0.474308 0.044444 0.102767
1 0.611111 0.423913 0.026667 0.065217
1 0.600556 0.486166 0.025556 0.055336
1 0.572778 0.467391 0.038889 0.096838
1 0.508333 0.436759 0.030000 0.079051
1 0.459444 0.496047 0.038889 0.090909
1 0.433889 0.417984 0.030000 0.057312
1 0.387778 0.489130 0.026667 0.077075
1 0.346111 0.498024 0.050000 0.106719
1 0.247222 0.455534 0.041111 0.100791
1 0.276667 0.426877 0.026667 0.083004
1 0.177778 0.436759 0.031111 0.075099
1 0.145000 0.482213 0.052222 0.114625
