1 0.967593 0.323120 0.053704 0.105850
1 0.921296 0.139276 0.042593 0.083565
1 0.839815 0.271588 0.046296 0.097493
1 0.708333 0.391365 0.046296 0.091922
1 0.693519 0.182451 0.046296 0.080780
1 0.793519 0.093315 0.046296 0.080780
1 0.541667 0.126741 0.046296 0.086351
1 0.296296 0.350975 0.051852 0.094708
1 0.184259 0.341226 0.038889 0.091922
1 0.305556 0.130919 0.040741 0.077994
1 0.437037 0.130919 0.044444 0.077994
1 0.441667 0.254875 0.053704 0.091922
1 0.403704 0.238162 0.029630 0.091922
1 0.667593 0.116992 0.038889 0.072423
1 0.130556 0.157382 0.042593 0.069638
1 0.160185 0.206128 0.042593 0.083565
