1 0.529297 0.641276 0.078125 0.144531
1 0.334473 0.527995 0.084961 0.118490
1 0.435547 0.406250 0.050781 0.067708
1 0.556641 0.498698 0.066406 0.109375
1 0.334473 0.376953 0.055664 0.079427
1 0.576172 0.384115 0.027344 0.075521
1 0.600586 0.356120 0.031250 0.069010
1 0.865723 0.453776 0.034180 0.076823
1 0.818848 0.447917 0.057617 0.109375
1 0.750977 0.368490 0.046875 0.065104
1 0.806641 0.296224 0.029297 0.058594
1 0.862305 0.356771 0.039062 0.072917
1 0.898926 0.337891 0.032227 0.058594
1 0.982422 0.356771 0.031250 0.049479
1 0.096680 0.395182 0.050781 0.074219
1 0.081055 0.311198 0.044922 0.059896
1 0.206543 0.310547 0.024414 0.050781
1 0.312012 0.300130 0.030273 0.055990
1 0.400391 0.325521 0.035156 0.046875
1 0.635254 0.305990 0.026367 0.044271
1 0.557129 0.296224 0.028320 0.037760
1 0.248047 0.327474 0.027344 0.048177
