1 0.692500 0.677298 0.115000 0.228893
1 0.383125 0.665103 0.076250 0.155722
1 0.226875 0.553471 0.068750 0.142589
1 0.090625 0.566604 0.066250 0.138837
1 0.927500 0.609756 0.055000 0.142589
1 0.561250 0.562852 0.047500 0.101313
1 0.420625 0.500938 0.046250 0.078799
1 0.295625 0.491557 0.048750 0.093809
1 0.498750 0.455910 0.042500 0.078799
1 0.606875 0.467167 0.028750 0.063790
1 0.698125 0.489681 0.028750 0.063790
1 0.955000 0.505629 0.040000 0.065666
1 0.154375 0.452158 0.031250 0.052533
1 0.680625 0.423077 0.021250 0.043152
1 0.915625 0.466229 0.023750 0.043152
1 0.468750 0.407129 0.022500 0.048780
1 0.410625 0.410882 0.021250 0.041276
1 0.210625 0.457786 0.026250 0.037523
