1 0.821875 0.400411 0.034375 0.061602
1 0.725000 0.416838 0.034375 0.053388
1 0.785156 0.375770 0.032813 0.057495
1 0.675781 0.416838 0.032813 0.053388
1 0.617188 0.397331 0.031250 0.059548
1 0.683594 0.355236 0.029687 0.049281
1 0.557813 0.417864 0.028125 0.051335
1 0.396094 0.401437 0.032813 0.051335
1 0.306250 0.395277 0.034375 0.055441
1 0.503125 0.413758 0.031250 0.059548
1 0.452344 0.404517 0.035937 0.057495
1 0.423438 0.358316 0.031250 0.051335
1 0.360156 0.382957 0.029687 0.055441
1 0.539844 0.370637 0.029687 0.047228
