1 0.684500 0.732000 0.127000 0.224000
1 0.449500 0.564667 0.069000 0.126667
1 0.238500 0.484000 0.053000 0.077333
1 0.095500 0.469333 0.041000 0.056000
1 0.042500 0.440000 0.035000 0.048000
1 0.883000 0.528000 0.068000 0.096000
1 0.777000 0.461333 0.050000 0.072000
1 0.708500 0.424667 0.031000 0.041333
1 0.651000 0.428000 0.036000 0.050667
1 0.556500 0.431333 0.031000 0.036000
1 0.398000 0.445333 0.024000 0.056000
1 0.302000 0.431333 0.028000 0.044000
1 0.247500 0.418000 0.025000 0.028000
1 0.186000 0.406667 0.026000 0.037333
1 0.845500 0.408667 0.027000 0.033333
1 0.814500 0.422000 0.031000 0.046667
1 0.686000 0.393333 0.020000 0.032000
1 0.629000 0.404667 0.014000 0.038667
1 0.374500 0.399333 0.019000 0.028000
1 0.283000 0.420000 0.012000 0.034667
1 0.659000 0.518000 0.044000 0.078667
1 0.514500 0.400667 0.019000 0.033333
