1 0.589286 0.596567 0.152857 0.240343
1 0.326429 0.532189 0.084286 0.180258
1 0.706429 0.444206 0.104286 0.210300
1 0.521429 0.296137 0.111429 0.184549
1 0.074286 0.282189 0.080000 0.105150
1 0.374286 0.287554 0.097143 0.141631
1 0.624286 0.233906 0.080000 0.167382
1 0.775000 0.123391 0.090000 0.160944
1 0.262143 0.121245 0.067143 0.126609
1 0.359286 0.069742 0.087143 0.135193
1 0.102143 0.062232 0.087143 0.115880
1 0.947143 0.571888 0.102857 0.242489
0 0.597143 0.092275 0.068571 0.072961
1 0.972143 0.274678 0.055714 0.154506
1 0.455714 0.109442 0.085714 0.150215
