1 0.710870 0.578337 0.062319 0.104449
1 0.613768 0.567698 0.065217 0.110251
1 0.422464 0.576402 0.059420 0.092843
1 0.271014 0.566731 0.072464 0.092843
1 0.127536 0.598646 0.057971 0.098646
1 0.152174 0.210832 0.055072 0.092843
1 0.257971 0.376209 0.049275 0.094778
1 0.434783 0.372340 0.060870 0.090909
1 0.536957 0.415861 0.053623 0.088975
1 0.673913 0.426499 0.049275 0.075435
1 0.765217 0.317215 0.040580 0.081238
1 0.221014 0.201161 0.047826 0.077369
1 0.275362 0.170213 0.049275 0.065764
1 0.335507 0.145068 0.053623 0.069632
1 0.431159 0.147002 0.047826 0.073501
1 0.544928 0.134429 0.040580 0.090909
1 0.589130 0.147969 0.044928 0.063830
1 0.653623 0.152805 0.046377 0.088975
1 0.755797 0.143133 0.042029 0.081238
1 0.892754 0.397485 0.063768 0.087041
1 0.850000 0.168279 0.044928 0.065764
