1 0.868652 0.330882 0.036133 0.067647
1 0.822754 0.354412 0.038086 0.064706
1 0.762695 0.327941 0.035156 0.064706
1 0.715332 0.350735 0.034180 0.063235
1 0.684082 0.519118 0.036133 0.058824
1 0.628418 0.353676 0.028320 0.057353
1 0.590820 0.548529 0.031250 0.058824
1 0.556641 0.377206 0.023438 0.054412
1 0.494141 0.350735 0.029297 0.057353
1 0.486816 0.532353 0.038086 0.055882
1 0.400879 0.538971 0.038086 0.063235
1 0.415527 0.367647 0.030273 0.055882
1 0.369141 0.355147 0.027344 0.057353
1 0.312500 0.359559 0.031250 0.057353
1 0.246094 0.333088 0.031250 0.051471
1 0.171875 0.346324 0.033203 0.057353
1 0.092285 0.349265 0.030273 0.054412
