1 0.181429 0.764579 0.088571 0.116631
1 0.100000 0.680346 0.060000 0.086393
1 0.750714 0.600432 0.055714 0.090713
1 0.839286 0.537797 0.047143 0.082073
1 0.880000 0.517279 0.034286 0.084233
1 0.914286 0.482721 0.037143 0.075594
1 0.565714 0.548596 0.045714 0.073434
1 0.633571 0.509719 0.041429 0.060475
1 0.682857 0.476242 0.037143 0.058315
1 0.735000 0.464363 0.035714 0.060475
1 0.440714 0.526998 0.038571 0.051836
1 0.493571 0.488121 0.035714 0.056156
1 0.355714 0.487041 0.031429 0.053996
1 0.982143 0.402808 0.035714 0.066955
