1 0.865000 0.472973 0.062000 0.129129
1 0.901000 0.295796 0.062000 0.123123
1 0.790000 0.336336 0.060000 0.108108
1 0.723000 0.515015 0.066000 0.129129
1 0.673000 0.328829 0.058000 0.111111
1 0.557000 0.454955 0.070000 0.129129
1 0.589000 0.310811 0.054000 0.117117
1 0.510000 0.339339 0.060000 0.114114
1 0.413000 0.438438 0.066000 0.126126
1 0.422000 0.327327 0.052000 0.096096
1 0.327000 0.321321 0.058000 0.108108
1 0.240000 0.375375 0.072000 0.132132
1 0.082000 0.282282 0.064000 0.120120
1 0.196000 0.316817 0.040000 0.099099
