1 0.929032 0.644068 0.045161 0.082324
1 0.836290 0.605327 0.033871 0.053269
1 0.789516 0.640436 0.037097 0.060533
1 0.733871 0.652542 0.029032 0.055690
1 0.692742 0.686441 0.027419 0.055690
1 0.610484 0.615012 0.030645 0.062954
1 0.537903 0.608959 0.027419 0.060533
1 0.456452 0.610169 0.029032 0.058111
1 0.386290 0.619855 0.030645 0.062954
1 0.317742 0.630751 0.035484 0.060533
1 0.250806 0.636804 0.037097 0.058111
1 0.183065 0.647700 0.040323 0.060533
1 0.115323 0.631961 0.037097 0.062954
1 0.058871 0.648910 0.040323 0.062954
1 0.925806 0.581114 0.038710 0.043584
1 0.736290 0.539952 0.024194 0.048426
1 0.687903 0.533898 0.024194 0.050847
1 0.316129 0.544794 0.022581 0.048426
1 0.397581 0.521792 0.020968 0.041162
1 0.220161 0.547215 0.024194 0.038741
1 0.146774 0.544794 0.025806 0.043584
1 0.023387 0.575061 0.030645 0.050847
1 0.990323 0.579903 0.019355 0.050847
1 0.860484 0.500000 0.024194 0.041162
1 0.903226 0.518160 0.019355 0.038741
1 0.121774 0.527845 0.020968 0.038741
1 0.762903 0.515738 0.019355 0.033898
1 0.013710 0.661017 0.024194 0.058111
