1 0.766316 0.311216 0.096842 0.170616
1 0.530526 0.221959 0.029474 0.048973
1 0.389474 0.326224 0.035789 0.058452
1 0.410000 0.285940 0.024211 0.053712
1 0.464211 0.221959 0.023158 0.048973
1 0.397368 0.225908 0.024211 0.037915
1 0.436316 0.262243 0.022105 0.044234
1 0.327368 0.372038 0.031579 0.048973
1 0.237368 0.390205 0.049474 0.075829
1 0.136316 0.446288 0.066316 0.086888
1 0.318421 0.276461 0.034737 0.053712
1 0.080000 0.256714 0.033684 0.055292
1 0.022105 0.243286 0.033684 0.056872
1 0.273158 0.232227 0.026316 0.044234
1 0.316842 0.210900 0.023158 0.036335
