1 0.809712 0.622490 0.036138 0.070281
1 0.750988 0.632028 0.032750 0.069277
1 0.690006 0.652108 0.024845 0.067269
1 0.642857 0.648092 0.033315 0.069277
1 0.574816 0.634538 0.028233 0.082329
1 0.516093 0.635542 0.029362 0.070281
1 0.455392 0.623996 0.025409 0.077309
1 0.392434 0.628012 0.029362 0.069277
1 0.316488 0.617972 0.032185 0.071285
1 0.251835 0.631024 0.023715 0.065261
1 0.743930 0.512048 0.032185 0.066265
1 0.671372 0.522088 0.029362 0.060241
1 0.622812 0.505020 0.030491 0.060241
1 0.554771 0.515562 0.028797 0.065261
1 0.494071 0.500000 0.030491 0.064257
1 0.433089 0.510542 0.030491 0.061245
1 0.362507 0.513052 0.031621 0.060241
1 0.301242 0.526104 0.031056 0.056225
1 0.252117 0.541667 0.034444 0.059237
1 0.751270 0.432229 0.029927 0.063253
1 0.686618 0.420683 0.029362 0.066265
1 0.626482 0.429719 0.026539 0.056225
1 0.574534 0.440261 0.026539 0.063253
1 0.522304 0.398594 0.025974 0.058233
1 0.462733 0.430221 0.026539 0.055221
1 0.404291 0.429217 0.025974 0.055221
1 0.351214 0.445783 0.024845 0.052209
1 0.291925 0.434237 0.027103 0.053213
