1 0.870149 0.343625 0.044776 0.081673
1 0.802985 0.346614 0.038806 0.067729
1 0.778358 0.224104 0.049254 0.069721
1 0.787313 0.464143 0.061194 0.083665
1 0.737313 0.340637 0.047761 0.071713
1 0.675373 0.466135 0.055224 0.091633
1 0.674627 0.319721 0.053731 0.077689
1 0.604478 0.300797 0.041791 0.071713
1 0.585821 0.457171 0.046269 0.089641
1 0.537313 0.305777 0.044776 0.081673
1 0.510448 0.433267 0.047761 0.077689
1 0.649254 0.240040 0.050746 0.057769
1 0.431343 0.466135 0.047761 0.079681
1 0.443284 0.313745 0.041791 0.073705
1 0.482090 0.250996 0.038806 0.071713
1 0.399254 0.243028 0.049254 0.071713
1 0.371642 0.320717 0.047761 0.071713
1 0.321642 0.459163 0.046269 0.081673
1 0.299254 0.250996 0.043284 0.067729
1 0.267164 0.330677 0.050746 0.071713
1 0.212687 0.472112 0.049254 0.075697
1 0.210448 0.231076 0.044776 0.067729
1 0.196269 0.334661 0.046269 0.075697
1 0.123134 0.362550 0.043284 0.075697
