1 0.182031 0.585480 0.045312 0.074941
1 0.430469 0.570258 0.032813 0.058548
1 0.100000 0.455504 0.040625 0.063232
1 0.239844 0.502342 0.029687 0.053864
1 0.328125 0.483607 0.037500 0.063232
1 0.710938 0.551522 0.031250 0.058548
1 0.610156 0.546838 0.032813 0.058548
1 0.954688 0.555035 0.037500 0.070258
1 0.425000 0.477752 0.034375 0.051522
0 0.052344 0.244731 0.029687 0.049180
1 0.690625 0.468384 0.025000 0.046838
1 0.175000 0.406323 0.034375 0.044496
1 0.128125 0.341920 0.025000 0.042155
1 0.013281 0.333724 0.023438 0.053864
1 0.356250 0.405152 0.025000 0.056206
0 0.338281 0.318501 0.026562 0.037471
1 0.315625 0.364169 0.028125 0.044496
1 0.635938 0.419204 0.021875 0.042155
1 0.086719 0.295082 0.026562 0.046838
1 0.524219 0.566745 0.029687 0.060890
